62 <- 38 63 87 (4.0404, 75)
87 <- 38 63 62 (5.05051, 60)
63 <- 38 87 62 (3.0303, 100)
38 <- 63 87 62 (5.05051, 60)
43 <- 38 63 36 48 (3.0303, 100)
48 <- 38 63 36 43 (5.05051, 60)
63 <- 38 36 48 43 (4.0404, 75)
38 <- 63 36 48 43 (4.0404, 75)
63 <- 38 36 48 (5.05051, 60)
38 <- 63 36 48 (5.05051, 60)
17 <- 38 63 36 8 (4.0404, 75)
8 <- 38 63 36 17 (4.0404, 75)
36 <- 38 63 8 17 (3.0303, 100)
63 <- 38 36 8 17 (3.0303, 100)
38 <- 63 36 8 17 (3.0303, 100)
43 <- 38 63 36 8 (4.0404, 75)
8 <- 38 63 36 43 (5.05051, 60)
36 <- 38 63 8 43 (4.0404, 75)
63 <- 38 36 8 43 (4.0404, 75)
38 <- 63 36 8 43 (3.0303, 100)
36 <- 38 63 8 (6.06061, 66.6667)
63 <- 38 36 8 (5.05051, 80)
38 <- 63 36 8 (4.0404, 100)
43 <- 38 63 36 17 (4.0404, 75)
17 <- 38 63 36 43 (5.05051, 60)
36 <- 38 63 17 43 (3.0303, 100)
63 <- 38 36 17 43 (3.0303, 100)
38 <- 63 36 17 43 (4.0404, 75)
36 <- 38 63 17 (4.0404, 100)
63 <- 38 36 17 (4.0404, 100)
38 <- 63 36 17 (6.06061, 66.6667)
43 <- 38 63 36 (7.07071, 71.4286)
36 <- 38 63 43 (8.08081, 62.5)
63 <- 38 36 43 (7.07071, 71.4286)
38 <- 63 36 43 (6.06061, 83.3333)
63 <- 38 36 35 (4.0404, 75)
38 <- 63 36 35 (3.0303, 100)
36 <- 38 63 61 (4.0404, 75)
63 <- 38 36 61 (4.0404, 75)
38 <- 63 36 61 (5.05051, 60)
43 <- 38 63 48 8 (3.0303, 100)
48 <- 38 63 8 43 (4.0404, 75)
63 <- 38 48 8 43 (4.0404, 75)
38 <- 63 48 8 43 (3.0303, 100)
63 <- 38 48 8 (4.0404, 75)
38 <- 63 48 8 (3.0303, 100)
43 <- 38 63 48 (6.06061, 100)
48 <- 38 63 43 (8.08081, 75)
63 <- 38 48 43 (7.07071, 85.7143)
38 <- 63 48 43 (7.07071, 85.7143)
38 <- 63 48 (8.08081, 75)
8 <- 38 63 17 (4.0404, 75)
63 <- 38 8 17 (3.0303, 100)
38 <- 63 8 17 (4.0404, 75)
43 <- 38 63 8 (6.06061, 66.6667)
63 <- 38 8 43 (5.05051, 80)
38 <- 63 8 43 (4.0404, 100)
35 <- 38 63 8 3 (3.0303, 100)
3 <- 38 63 8 35 (3.0303, 100)
8 <- 38 63 3 35 (3.0303, 100)
63 <- 38 8 3 35 (3.0303, 100)
38 <- 63 8 3 35 (3.0303, 100)
8 <- 38 63 3 (3.0303, 100)
63 <- 38 8 3 (4.0404, 75)
38 <- 63 8 3 (3.0303, 100)
63 <- 38 8 35 (3.0303, 100)
38 <- 63 8 35 (3.0303, 100)
8 <- 38 63 12 (4.0404, 75)
63 <- 38 8 12 (3.0303, 100)
38 <- 63 8 12 (3.0303, 100)
38 <- 63 8 (8.08081, 75)
43 <- 38 63 17 (4.0404, 75)
63 <- 38 17 43 (3.0303, 100)
38 <- 63 17 43 (5.05051, 60)
43 <- 38 63 61 (4.0404, 75)
63 <- 38 43 61 (4.0404, 75)
38 <- 63 43 61 (4.0404, 75)
43 <- 38 63 40 (3.0303, 100)
63 <- 38 43 40 (4.0404, 75)
38 <- 63 43 40 (3.0303, 100)
43 <- 38 63 62 (5.05051, 60)
63 <- 38 43 62 (3.0303, 100)
38 <- 63 43 62 (3.0303, 100)
63 <- 38 43 (10.101, 80)
38 <- 63 43 (11.1111, 72.7273)
35 <- 38 63 3 (3.0303, 100)
63 <- 38 3 35 (3.0303, 100)
38 <- 63 3 35 (3.0303, 100)
38 <- 63 3 (5.05051, 60)
35 <- 38 63 61 (4.0404, 75)
63 <- 38 35 61 (4.0404, 75)
38 <- 63 35 61 (3.0303, 100)
35 <- 38 63 97 (4.0404, 75)
63 <- 38 35 97 (3.0303, 100)
38 <- 63 35 97 (3.0303, 100)
63 <- 38 35 (10.101, 70)
38 <- 63 35 (7.07071, 100)
38 <- 63 40 (4.0404, 75)
38 <- 63 74 (5.05051, 60)
25 <- 38 63 62 (5.05051, 60)
62 <- 38 63 25 (3.0303, 100)
63 <- 38 62 25 (3.0303, 100)
38 <- 63 62 25 (4.0404, 75)
63 <- 38 62 (7.07071, 71.4286)
38 <- 63 14 (4.0404, 100)
38 <- 63 12 (6.06061, 66.6667)
38 <- 63 25 (5.05051, 60)
63 <- 38 97 (5.05051, 80)
38 <- 63 97 (4.0404, 100)
63 <- 38 20 (3.0303, 100)
38 <- 63 20 (4.0404, 75)
71 <- 38 87 36 (6.06061, 66.6667)
36 <- 38 87 71 (4.0404, 100)
87 <- 38 36 71 (4.0404, 100)
38 <- 87 36 71 (4.0404, 100)
36 <- 38 87 78 (3.0303, 100)
87 <- 38 36 78 (4.0404, 75)
38 <- 87 36 78 (4.0404, 75)
38 <- 87 36 (8.08081, 75)
43 <- 38 87 48 (5.05051, 60)
48 <- 38 87 43 (4.0404, 75)
38 <- 87 48 43 (3.0303, 100)
28 <- 38 87 48 (5.05051, 60)
48 <- 38 87 28 (3.0303, 100)
87 <- 38 48 28 (3.0303, 100)
38 <- 87 48 28 (4.0404, 75)
38 <- 87 48 (6.06061, 83.3333)
38 <- 87 43 (6.06061, 66.6667)
87 <- 38 72 (5.05051, 60)
38 <- 87 62 (5.05051, 60)
38 <- 87 12 (5.05051, 60)
38 <- 87 25 (5.05051, 60)
38 <- 87 78 (4.0404, 75)
87 <- 38 33 (4.0404, 75)
38 <- 87 68 (4.0404, 75)
85 <- 38 36 69 (4.0404, 75)
69 <- 38 36 85 (3.0303, 100)
36 <- 38 69 85 (5.05051, 60)
38 <- 36 69 85 (3.0303, 100)
43 <- 38 36 48 8 (3.0303, 100)
8 <- 38 36 48 43 (4.0404, 75)
48 <- 38 36 8 43 (4.0404, 75)
36 <- 38 48 8 43 (4.0404, 75)
38 <- 36 48 8 43 (3.0303, 100)
8 <- 38 36 48 (5.05051, 60)
48 <- 38 36 8 (5.05051, 60)
36 <- 38 48 8 (4.0404, 75)
38 <- 36 48 8 (3.0303, 100)
43 <- 38 36 48 (5.05051, 80)
38 <- 36 48 43 (5.05051, 80)
38 <- 36 48 (8.08081, 62.5)
38 <- 36 85 (5.05051, 60)
17 <- 38 36 8 (5.05051, 60)
8 <- 38 36 17 (4.0404, 75)
36 <- 38 8 17 (3.0303, 100)
38 <- 36 8 17 (3.0303, 100)
43 <- 38 36 8 (5.05051, 80)
36 <- 38 8 43 (5.05051, 80)
38 <- 36 8 43 (4.0404, 100)
38 <- 36 8 (5.05051, 100)
43 <- 38 36 17 (4.0404, 75)
36 <- 38 17 43 (3.0303, 100)
38 <- 36 17 43 (4.0404, 75)
43 <- 38 36 61 (4.0404, 75)
36 <- 38 43 61 (4.0404, 75)
38 <- 36 43 61 (4.0404, 75)
43 <- 38 36 40 (3.0303, 100)
36 <- 38 43 40 (4.0404, 75)
38 <- 36 43 40 (3.0303, 100)
36 <- 38 43 (10.101, 70)
38 <- 36 43 (9.09091, 77.7778)
61 <- 38 36 3 (4.0404, 75)
3 <- 38 36 61 (4.0404, 75)
36 <- 38 3 61 (3.0303, 100)
38 <- 36 3 61 (4.0404, 75)
38 <- 36 3 (5.05051, 80)
38 <- 36 80 (4.0404, 100)
38 <- 36 61 (6.06061, 66.6667)
38 <- 36 40 (3.0303, 100)
38 <- 36 74 (5.05051, 60)
25 <- 38 36 14 (5.05051, 60)
14 <- 38 36 25 (4.0404, 75)
36 <- 38 14 25 (3.0303, 100)
38 <- 36 14 25 (3.0303, 100)
38 <- 36 14 (7.07071, 71.4286)
36 <- 38 23 (5.05051, 60)
38 <- 36 23 (5.05051, 60)
38 <- 36 25 (5.05051, 80)
38 <- 36 71 (5.05051, 80)
36 <- 38 29 (4.0404, 75)
38 <- 36 29 (4.0404, 75)
36 <- 38 9 (5.05051, 60)
38 <- 36 68 (5.05051, 60)
36 <- 38 67 (4.0404, 75)
38 <- 36 67 (4.0404, 75)
36 <- 38 76 (3.0303, 100)
38 <- 36 76 (3.0303, 100)
38 <- 69 48 (8.08081, 62.5)
8 <- 38 69 85 (5.05051, 60)
85 <- 38 69 8 (4.0404, 75)
69 <- 38 85 8 (4.0404, 75)
38 <- 69 85 8 (4.0404, 75)
12 <- 38 69 85 (5.05051, 60)
85 <- 38 69 12 (3.0303, 100)
69 <- 38 85 12 (3.0303, 100)
38 <- 69 85 12 (3.0303, 100)
69 <- 38 85 (8.08081, 62.5)
38 <- 69 85 (7.07071, 71.4286)
38 <- 69 8 (6.06061, 66.6667)
38 <- 69 83 (5.05051, 80)
38 <- 69 35 (6.06061, 66.6667)
38 <- 69 74 (5.05051, 60)
38 <- 69 14 (3.0303, 100)
38 <- 69 12 (3.0303, 100)
38 <- 69 68 (3.0303, 100)
69 <- 38 67 (4.0404, 75)
38 <- 69 67 (4.0404, 75)
38 <- 48 85 (4.0404, 100)
38 <- 48 81 (4.0404, 75)
43 <- 38 48 8 (4.0404, 100)
48 <- 38 8 43 (5.05051, 80)
38 <- 48 8 43 (4.0404, 100)
38 <- 48 8 (5.05051, 80)
38 <- 48 11 (5.05051, 60)
48 <- 38 43 (10.101, 70)
38 <- 48 43 (9.09091, 77.7778)
38 <- 48 28 (5.05051, 60)
61 <- 38 48 35 (4.0404, 75)
35 <- 38 48 61 (3.0303, 100)
48 <- 38 35 61 (4.0404, 75)
38 <- 48 35 61 (3.0303, 100)
38 <- 48 35 (5.05051, 80)
74 <- 38 48 40 (4.0404, 75)
40 <- 38 48 74 (3.0303, 100)
48 <- 38 40 74 (4.0404, 75)
38 <- 48 40 74 (4.0404, 75)
38 <- 48 40 (5.05051, 80)
48 <- 38 89 (6.06061, 66.6667)
38 <- 48 89 (5.05051, 80)
38 <- 48 93 (5.05051, 80)
38 <- 48 14 (4.0404, 75)
38 <- 48 12 (5.05051, 80)
48 <- 38 23 (5.05051, 60)
38 <- 48 23 (3.0303, 100)
48 <- 38 9 (5.05051, 60)
38 <- 48 9 (5.05051, 60)
48 <- 38 91 (4.0404, 75)
38 <- 48 91 (3.0303, 100)
38 <- 48 (24.2424, 66.6667)
38 <- 85 14 (3.0303, 100)
38 <- 85 12 (5.05051, 60)
38 <- 8 43 (7.07071, 71.4286)
38 <- 8 28 (4.0404, 75)
35 <- 38 8 3 (4.0404, 75)
3 <- 38 8 35 (3.0303, 100)
8 <- 38 3 35 (3.0303, 100)
38 <- 8 3 35 (3.0303, 100)
38 <- 8 3 (5.05051, 80)
38 <- 8 35 (4.0404, 75)
38 <- 8 62 (3.0303, 100)
38 <- 8 14 (3.0303, 100)
38 <- 8 12 (3.0303, 100)
11 <- 38 23 (5.05051, 60)
38 <- 11 23 (5.05051, 60)
11 <- 38 0 (4.0404, 75)
40 <- 38 43 61 (4.0404, 75)
61 <- 38 43 40 (4.0404, 75)
43 <- 38 61 40 (4.0404, 75)
38 <- 43 61 40 (3.0303, 100)
38 <- 43 61 (6.06061, 66.6667)
38 <- 43 40 (5.05051, 80)
38 <- 43 62 (3.0303, 100)
38 <- 28 89 (5.05051, 60)
28 <- 38 29 (4.0404, 75)
38 <- 28 29 (4.0404, 75)
38 <- 3 35 (3.0303, 100)
38 <- 3 12 (3.0303, 100)
3 <- 38 23 (5.05051, 60)
38 <- 3 23 (4.0404, 75)
3 <- 38 95 (4.0404, 75)
38 <- 80 47 (6.06061, 66.6667)
38 <- 80 71 (5.05051, 60)
38 <- 80 78 (3.0303, 100)
80 <- 38 9 (5.05051, 60)
38 <- 80 9 (4.0404, 75)
38 <- 35 61 (5.05051, 80)
35 <- 38 42 (4.0404, 75)
38 <- 35 42 (4.0404, 75)
35 <- 38 97 (5.05051, 60)
38 <- 35 97 (4.0404, 75)
38 <- 61 40 (4.0404, 100)
38 <- 40 74 (5.05051, 80)
38 <- 40 14 (3.0303, 100)
38 <- 74 14 (4.0404, 75)
38 <- 93 14 (3.0303, 100)
38 <- 62 25 (4.0404, 75)
38 <- 14 25 (3.0303, 100)
38 <- 14 (14.1414, 71.4286)
38 <- 25 71 (4.0404, 75)
25 <- 38 51 (5.05051, 60)
38 <- 25 51 (5.05051, 60)
38 <- 25 (13.1313, 61.5385)
38 <- 47 78 (3.0303, 100)
47 <- 38 55 (4.0404, 75)
38 <- 47 55 (3.0303, 100)
38 <- 71 68 (4.0404, 75)
38 <- 68 (9.09091, 66.6667)
38 <- 97 (8.08081, 62.5)
38 <- 4 (7.07071, 71.4286)
38 <- 34 (6.06061, 66.6667)
38 <- 18 (6.06061, 66.6667)
38 <- 20 (5.05051, 60)
38 <- 49 (5.05051, 60)
38 <- 55 (5.05051, 80)
38 <- 46 (5.05051, 60)
38 <- 76 (4.0404, 75)
38 <- 10 (4.0404, 100)
38 <- 84 (3.0303, 100)
87 <- 63 72 (4.0404, 75)
12 <- 63 87 62 (5.05051, 60)
62 <- 63 87 12 (3.0303, 100)
87 <- 63 62 12 (3.0303, 100)
63 <- 87 62 12 (3.0303, 100)
25 <- 63 87 62 (5.05051, 60)
62 <- 63 87 25 (4.0404, 75)
87 <- 63 62 25 (4.0404, 75)
63 <- 87 62 25 (3.0303, 100)
63 <- 87 62 (5.05051, 100)
63 <- 87 12 (5.05051, 60)
33 <- 63 87 25 (4.0404, 75)
25 <- 63 87 33 (4.0404, 75)
87 <- 63 25 33 (3.0303, 100)
63 <- 87 25 33 (3.0303, 100)
87 <- 63 25 (5.05051, 80)
63 <- 87 25 (5.05051, 80)
87 <- 63 51 (6.06061, 66.6667)
63 <- 87 51 (5.05051, 80)
87 <- 63 33 (6.06061, 66.6667)
43 <- 63 36 48 17 (4.0404, 75)
17 <- 63 36 48 43 (4.0404, 75)
48 <- 63 36 17 43 (4.0404, 75)
36 <- 63 48 17 43 (3.0303, 100)
63 <- 36 48 17 43 (3.0303, 100)
17 <- 63 36 48 (5.05051, 80)
48 <- 63 36 17 (6.06061, 66.6667)
36 <- 63 48 17 (4.0404, 100)
63 <- 36 48 17 (5.05051, 80)
43 <- 63 36 48 (5.05051, 80)
48 <- 63 36 43 (6.06061, 66.6667)
63 <- 36 48 43 (5.05051, 80)
36 <- 63 48 (8.08081, 62.5)
63 <- 36 48 (8.08081, 62.5)
17 <- 63 36 8 (4.0404, 75)
36 <- 63 8 17 (4.0404, 75)
63 <- 36 8 17 (3.0303, 100)
43 <- 63 36 8 (4.0404, 75)
36 <- 63 8 43 (4.0404, 75)
63 <- 36 8 43 (4.0404, 75)
63 <- 36 8 (5.05051, 80)
43 <- 63 36 17 (6.06061, 66.6667)
17 <- 63 36 43 (6.06061, 66.6667)
36 <- 63 17 43 (5.05051, 80)
63 <- 36 17 43 (4.0404, 100)
61 <- 63 36 17 3 (3.0303, 100)
3 <- 63 36 17 61 (3.0303, 100)
17 <- 63 36 3 61 (3.0303, 100)
36 <- 63 17 3 61 (3.0303, 100)
63 <- 36 17 3 61 (3.0303, 100)
17 <- 63 36 3 (3.0303, 100)
36 <- 63 17 3 (3.0303, 100)
63 <- 36 17 3 (3.0303, 100)
17 <- 63 36 61 (5.05051, 60)
36 <- 63 17 61 (3.0303, 100)
63 <- 36 17 61 (3.0303, 100)
36 <- 63 17 (9.09091, 66.6667)
63 <- 36 17 (8.08081, 75)
43 <- 63 36 61 (5.05051, 60)
36 <- 63 43 61 (4.0404, 75)
63 <- 36 43 61 (4.0404, 75)
63 <- 36 43 (9.09091, 66.6667)
63 <- 36 83 (5.05051, 60)
61 <- 63 36 3 (3.0303, 100)
3 <- 63 36 61 (5.05051, 60)
36 <- 63 3 61 (4.0404, 75)
63 <- 36 3 61 (4.0404, 75)
36 <- 63 3 (5.05051, 60)
63 <- 36 3 (5.05051, 60)
36 <- 63 61 (7.07071, 71.4286)
63 <- 36 61 (6.06061, 83.3333)
36 <- 63 74 (5.05051, 80)
63 <- 36 74 (5.05051, 80)
51 <- 63 36 62 (4.0404, 75)
62 <- 63 36 51 (4.0404, 75)
36 <- 63 62 51 (3.0303, 100)
63 <- 36 62 51 (3.0303, 100)
63 <- 36 62 (5.05051, 80)
36 <- 63 51 (6.06061, 66.6667)
63 <- 36 51 (5.05051, 80)
43 <- 63 48 8 (3.0303, 100)
48 <- 63 8 43 (4.0404, 75)
63 <- 48 8 43 (4.0404, 75)
63 <- 48 8 (5.05051, 60)
43 <- 63 48 17 (4.0404, 75)
48 <- 63 17 43 (5.05051, 60)
63 <- 48 17 43 (3.0303, 100)
43 <- 63 48 61 (3.0303, 100)
48 <- 63 43 61 (4.0404, 75)
63 <- 48 43 61 (3.0303, 100)
43 <- 63 48 (8.08081, 87.5)
48 <- 63 43 (11.1111, 63.6364)
63 <- 48 43 (9.09091, 77.7778)
85 <- 63 40 (4.0404, 75)
63 <- 85 40 (5.05051, 60)
63 <- 85 12 (5.05051, 60)
11 <- 63 81 (4.0404, 75)
35 <- 63 8 3 (3.0303, 100)
3 <- 63 8 35 (3.0303, 100)
8 <- 63 3 35 (3.0303, 100)
63 <- 8 3 35 (3.0303, 100)
8 <- 63 3 (5.05051, 60)
63 <- 8 3 (5.05051, 60)
63 <- 8 35 (4.0404, 75)
63 <- 8 12 (3.0303, 100)
8 <- 63 20 (4.0404, 75)
63 <- 8 20 (3.0303, 100)
43 <- 63 17 11 (3.0303, 100)
11 <- 63 17 43 (5.05051, 60)
17 <- 63 11 43 (3.0303, 100)
63 <- 17 11 43 (3.0303, 100)
63 <- 17 43 (6.06061, 83.3333)
61 <- 63 17 3 (3.0303, 100)
3 <- 63 17 61 (3.0303, 100)
17 <- 63 3 61 (4.0404, 75)
63 <- 17 3 61 (4.0404, 75)
17 <- 63 3 (5.05051, 60)
63 <- 17 61 (4.0404, 75)
17 <- 63 78 (4.0404, 75)
63 <- 17 78 (4.0404, 75)
17 <- 63 9 (4.0404, 75)
63 <- 17 9 (5.05051, 60)
63 <- 11 43 (4.0404, 75)
11 <- 63 0 (3.0303, 100)
11 <- 63 26 (5.05051, 60)
63 <- 11 26 (3.0303, 100)
63 <- 43 83 (4.0404, 75)
63 <- 43 61 (6.06061, 66.6667)
43 <- 63 40 (4.0404, 75)
63 <- 43 40 (5.05051, 60)
63 <- 43 62 (3.0303, 100)
63 <- 43 33 (4.0404, 75)
39 <- 63 28 (4.0404, 75)
28 <- 63 39 (4.0404, 75)
83 <- 63 74 (5.05051, 60)
63 <- 83 74 (4.0404, 75)
35 <- 63 3 (5.05051, 60)
63 <- 3 35 (3.0303, 100)
61 <- 63 3 (5.05051, 80)
21 <- 63 80 (4.0404, 75)
80 <- 63 21 (5.05051, 60)
63 <- 35 61 (5.05051, 60)
35 <- 63 97 (4.0404, 75)
63 <- 35 97 (4.0404, 75)
63 <- 61 62 (4.0404, 75)
63 <- 62 12 (4.0404, 75)
62 <- 63 25 (5.05051, 80)
63 <- 62 25 (4.0404, 100)
63 <- 62 51 (4.0404, 75)
63 <- 62 (14.1414, 64.2857)
12 <- 63 73 (4.0404, 75)
63 <- 12 73 (3.0303, 100)
12 <- 63 50 (4.0404, 75)
63 <- 12 50 (3.0303, 100)
51 <- 63 25 (5.05051, 60)
63 <- 25 51 (5.05051, 60)
33 <- 63 25 (5.05051, 60)
63 <- 25 33 (4.0404, 75)
63 <- 26 (8.08081, 62.5)
63 <- 6 (5.05051, 60)
63 <- 20 (5.05051, 80)
63 <- 75 (3.0303, 100)
36 <- 87 74 (4.0404, 75)
87 <- 36 74 (5.05051, 60)
87 <- 36 71 (5.05051, 80)
36 <- 87 78 (4.0404, 100)
36 <- 87 5 (5.05051, 80)
87 <- 36 5 (4.0404, 100)
36 <- 87 68 (4.0404, 75)
87 <- 36 68 (5.05051, 60)
87 <- 69 28 (5.05051, 60)
87 <- 69 39 (5.05051, 60)
87 <- 69 33 (4.0404, 75)
89 <- 87 48 28 (4.0404, 75)
28 <- 87 48 89 (3.0303, 100)
48 <- 87 28 89 (3.0303, 100)
87 <- 48 28 89 (3.0303, 100)
28 <- 87 48 (6.06061, 66.6667)
48 <- 87 28 (6.06061, 66.6667)
87 <- 48 28 (5.05051, 80)
87 <- 48 89 (5.05051, 60)
48 <- 87 12 (5.05051, 60)
87 <- 48 12 (5.05051, 60)
87 <- 85 81 (4.0404, 75)
85 <- 87 17 (4.0404, 75)
85 <- 87 35 (5.05051, 60)
87 <- 85 89 (5.05051, 60)
87 <- 85 39 (5.05051, 80)
85 <- 87 95 (4.0404, 75)
85 <- 87 49 (3.0303, 100)
87 <- 85 49 (3.0303, 100)
87 <- 81 39 (4.0404, 75)
81 <- 87 5 (5.05051, 60)
87 <- 81 5 (4.0404, 75)
87 <- 8 72 (5.05051, 60)
87 <- 8 89 (4.0404, 75)
87 <- 28 89 (5.05051, 60)
87 <- 28 33 (3.0303, 100)
71 <- 87 3 95 (3.0303, 100)
95 <- 87 3 71 (3.0303, 100)
3 <- 87 95 71 (3.0303, 100)
87 <- 3 95 71 (3.0303, 100)
95 <- 87 3 (3.0303, 100)
3 <- 87 95 (4.0404, 75)
71 <- 87 3 (3.0303, 100)
87 <- 3 71 (3.0303, 100)
71 <- 87 80 (5.05051, 60)
87 <- 80 71 (5.05051, 60)
87 <- 72 39 (5.05051, 60)
72 <- 87 12 (5.05051, 60)
87 <- 72 12 (4.0404, 75)
72 <- 87 25 (5.05051, 60)
87 <- 72 25 (5.05051, 60)
87 <- 72 71 (3.0303, 100)
71 <- 87 74 (4.0404, 75)
87 <- 74 71 (3.0303, 100)
12 <- 87 62 (5.05051, 60)
62 <- 87 12 (5.05051, 60)
87 <- 62 12 (4.0404, 75)
25 <- 87 62 (5.05051, 60)
62 <- 87 25 (5.05051, 60)
87 <- 62 25 (4.0404, 75)
33 <- 87 12 (5.05051, 60)
87 <- 12 33 (3.0303, 100)
71 <- 87 25 (5.05051, 60)
87 <- 25 71 (4.0404, 75)
33 <- 87 25 (5.05051, 60)
87 <- 25 33 (4.0404, 75)
71 <- 87 95 (4.0404, 75)
87 <- 95 71 (3.0303, 100)
52 <- 87 5 (5.05051, 60)
5 <- 87 52 (4.0404, 75)
87 <- 5 52 (3.0303, 100)
87 <- 33 (11.1111, 63.6364)
87 <- 6 (5.05051, 60)
87 <- 49 (5.05051, 60)
69 <- 36 85 (5.05051, 60)
69 <- 36 23 (5.05051, 60)
36 <- 69 23 (5.05051, 60)
43 <- 36 48 8 (3.0303, 100)
8 <- 36 48 43 (5.05051, 60)
48 <- 36 8 43 (4.0404, 75)
36 <- 48 8 43 (4.0404, 75)
48 <- 36 8 (5.05051, 60)
36 <- 48 8 (5.05051, 60)
11 <- 36 48 17 (5.05051, 60)
17 <- 36 48 11 (3.0303, 100)
48 <- 36 17 11 (3.0303, 100)
36 <- 48 17 11 (3.0303, 100)
43 <- 36 48 17 (5.05051, 60)
17 <- 36 48 43 (5.05051, 60)
48 <- 36 17 43 (4.0404, 75)
36 <- 48 17 43 (3.0303, 100)
9 <- 36 48 17 (5.05051, 60)
17 <- 36 48 9 (4.0404, 75)
48 <- 36 17 9 (3.0303, 100)
36 <- 48 17 9 (3.0303, 100)
17 <- 36 48 (8.08081, 62.5)
48 <- 36 17 (8.08081, 62.5)
36 <- 48 17 (7.07071, 71.4286)
36 <- 48 11 (5.05051, 60)
43 <- 36 48 (8.08081, 62.5)
48 <- 36 83 (5.05051, 60)
48 <- 36 9 (6.06061, 66.6667)
36 <- 48 9 (5.05051, 80)
35 <- 36 85 (5.05051, 60)
66 <- 36 85 (5.05051, 60)
85 <- 36 66 (4.0404, 75)
36 <- 85 66 (5.05051, 60)
36 <- 81 52 (4.0404, 75)
17 <- 36 8 (5.05051, 60)
43 <- 36 8 (5.05051, 80)
36 <- 17 43 (6.06061, 66.6667)
17 <- 36 83 (5.05051, 60)
61 <- 36 17 3 (3.0303, 100)
3 <- 36 17 61 (3.0303, 100)
17 <- 36 3 61 (4.0404, 75)
36 <- 17 3 61 (4.0404, 75)
17 <- 36 3 (5.05051, 60)
36 <- 17 35 (4.0404, 75)
36 <- 17 61 (4.0404, 75)
36 <- 17 78 (4.0404, 75)
36 <- 17 9 (5.05051, 60)
17 <- 36 73 (3.0303, 100)
36 <- 17 73 (3.0303, 100)
36 <- 11 43 (4.0404, 75)
36 <- 11 28 (4.0404, 75)
61 <- 36 43 3 (3.0303, 100)
3 <- 36 43 61 (4.0404, 75)
43 <- 36 3 61 (4.0404, 75)
36 <- 43 3 61 (4.0404, 75)
43 <- 36 3 (5.05051, 60)
36 <- 43 3 (5.05051, 60)
43 <- 36 61 (6.06061, 66.6667)
36 <- 43 61 (6.06061, 66.6667)
43 <- 36 40 (3.0303, 100)
36 <- 43 40 (5.05051, 60)
36 <- 28 9 (3.0303, 100)
61 <- 36 3 (5.05051, 80)
3 <- 36 61 (6.06061, 66.6667)
68 <- 36 74 (5.05051, 60)
74 <- 36 68 (5.05051, 60)
36 <- 74 68 (4.0404, 75)
51 <- 36 62 (5.05051, 60)
62 <- 36 51 (5.05051, 60)
36 <- 62 51 (4.0404, 75)
14 <- 36 25 (5.05051, 60)
36 <- 14 25 (3.0303, 100)
14 <- 36 29 (4.0404, 75)
36 <- 14 29 (3.0303, 100)
14 <- 36 68 (5.05051, 60)
36 <- 14 68 (4.0404, 75)
68 <- 36 71 (5.05051, 60)
71 <- 36 68 (5.05051, 60)
36 <- 71 68 (4.0404, 75)
36 <- 78 52 (3.0303, 100)
9 <- 36 27 (3.0303, 100)
36 <- 9 27 (3.0303, 100)
36 <- 52 (10.101, 60)
36 <- 46 (5.05051, 60)
36 <- 76 (4.0404, 75)
36 <- 41 (4.0404, 75)
36 <- 53 (3.0303, 100)
48 <- 69 83 (5.05051, 60)
69 <- 48 35 (5.05051, 60)
48 <- 69 74 (5.05051, 60)
48 <- 69 86 (4.0404, 75)
69 <- 48 86 (5.05051, 60)
48 <- 69 29 (3.0303, 100)
69 <- 48 29 (4.0404, 75)
85 <- 69 8 (6.06061, 66.6667)
85 <- 69 12 (3.0303, 100)
69 <- 85 12 (5.05051, 60)
85 <- 69 66 (3.0303, 100)
69 <- 85 66 (5.05051, 60)
81 <- 69 43 (5.05051, 60)
69 <- 81 43 (4.0404, 75)
81 <- 69 33 (4.0404, 75)
69 <- 81 33 (4.0404, 75)
74 <- 69 43 (5.05051, 60)
43 <- 69 74 (5.05051, 60)
69 <- 43 74 (4.0404, 75)
93 <- 69 28 (5.05051, 60)
69 <- 28 93 (4.0404, 75)
35 <- 69 61 (4.0404, 75)
69 <- 35 61 (5.05051, 60)
23 <- 69 39 (5.05051, 60)
39 <- 69 23 (5.05051, 60)
69 <- 39 23 (3.0303, 100)
43 <- 48 8 (5.05051, 80)
17 <- 48 11 (5.05051, 60)
17 <- 48 9 (5.05051, 60)
48 <- 17 9 (5.05051, 60)
43 <- 48 3 (5.05051, 60)
48 <- 43 3 (5.05051, 60)
48 <- 43 74 (4.0404, 75)
43 <- 48 33 (4.0404, 75)
48 <- 43 33 (4.0404, 75)
89 <- 48 28 (5.05051, 60)
28 <- 48 89 (5.05051, 60)
48 <- 28 89 (5.05051, 60)
83 <- 48 33 (4.0404, 75)
48 <- 83 33 (4.0404, 75)
80 <- 48 3 (5.05051, 60)
61 <- 48 3 (5.05051, 60)
21 <- 48 3 (5.05051, 60)
3 <- 48 21 (4.0404, 75)
48 <- 3 21 (4.0404, 75)
61 <- 48 35 (5.05051, 60)
48 <- 35 61 (5.05051, 60)
90 <- 48 35 (5.05051, 60)
35 <- 48 90 (3.0303, 100)
48 <- 35 90 (3.0303, 100)
74 <- 48 40 (5.05051, 80)
40 <- 48 74 (6.06061, 66.6667)
48 <- 40 74 (5.05051, 80)
8 <- 85 40 (5.05051, 60)
85 <- 8 40 (5.05051, 60)
8 <- 85 66 (5.05051, 60)
85 <- 8 66 (3.0303, 100)
17 <- 85 3 (4.0404, 75)
89 <- 85 83 (5.05051, 60)
83 <- 85 89 (5.05051, 60)
85 <- 83 89 (3.0303, 100)
93 <- 85 83 (5.05051, 60)
83 <- 85 93 (5.05051, 60)
85 <- 83 93 (3.0303, 100)
35 <- 85 61 (4.0404, 75)
85 <- 35 61 (5.05051, 60)
95 <- 85 72 (4.0404, 75)
57 <- 85 89 (5.05051, 60)
89 <- 85 57 (5.05051, 60)
85 <- 89 57 (3.0303, 100)
95 <- 85 23 (4.0404, 75)
85 <- 23 95 (5.05051, 60)
95 <- 85 66 (5.05051, 60)
85 <- 95 66 (3.0303, 100)
85 <- 49 (5.05051, 60)
11 <- 81 14 (3.0303, 100)
81 <- 11 14 (5.05051, 60)
17 <- 8 3 (5.05051, 60)
17 <- 8 9 (4.0404, 75)
8 <- 17 9 (5.05051, 60)
43 <- 8 21 (4.0404, 75)
8 <- 43 21 (4.0404, 75)
35 <- 8 3 (5.05051, 60)
3 <- 8 35 (4.0404, 75)
8 <- 3 35 (3.0303, 100)
61 <- 8 35 (4.0404, 75)
35 <- 8 61 (3.0303, 100)
8 <- 35 61 (5.05051, 60)
8 <- 20 (5.05051, 60)
17 <- 11 43 (4.0404, 75)
11 <- 17 9 (5.05051, 60)
17 <- 11 9 (4.0404, 75)
61 <- 17 43 3 (3.0303, 100)
3 <- 17 43 61 (3.0303, 100)
43 <- 17 3 61 (4.0404, 75)
17 <- 43 3 61 (4.0404, 75)
17 <- 43 3 (5.05051, 60)
43 <- 17 61 (4.0404, 75)
43 <- 17 52 (4.0404, 75)
17 <- 43 52 (3.0303, 100)
83 <- 17 71 (4.0404, 75)
17 <- 83 71 (4.0404, 75)
61 <- 17 3 (6.06061, 66.6667)
3 <- 17 61 (4.0404, 100)
61 <- 11 3 80 (4.0404, 75)
80 <- 11 3 61 (3.0303, 100)
3 <- 11 80 61 (3.0303, 100)
11 <- 3 80 61 (5.05051, 60)
80 <- 11 3 (6.06061, 66.6667)
3 <- 11 80 (5.05051, 80)
3 <- 11 61 (3.0303, 100)
3 <- 11 23 (5.05051, 60)
11 <- 3 23 (4.0404, 75)
61 <- 11 80 (5.05051, 60)
80 <- 11 61 (3.0303, 100)
92 <- 11 29 (5.05051, 60)
29 <- 11 92 (4.0404, 75)
11 <- 29 92 (3.0303, 100)
11 <- 0 (9.09091, 66.6667)
11 <- 92 (5.05051, 80)
61 <- 43 3 (5.05051, 80)
3 <- 43 61 (6.06061, 66.6667)
61 <- 43 40 (5.05051, 60)
43 <- 61 40 (4.0404, 75)
12 <- 28 89 (5.05051, 60)
89 <- 28 12 (3.0303, 100)
28 <- 89 12 (3.0303, 100)
42 <- 83 57 (4.0404, 75)
57 <- 83 42 (3.0303, 100)
83 <- 57 42 (3.0303, 100)
21 <- 3 80 61 (5.05051, 60)
61 <- 3 80 21 (3.0303, 100)
80 <- 3 61 21 (3.0303, 100)
3 <- 80 61 21 (3.0303, 100)
61 <- 3 80 (7.07071, 71.4286)
80 <- 3 61 (8.08081, 62.5)
3 <- 80 61 (7.07071, 71.4286)
3 <- 80 95 (3.0303, 100)
80 <- 3 21 (4.0404, 75)
80 <- 3 9 (4.0404, 75)
3 <- 80 9 (4.0404, 75)
61 <- 3 21 (4.0404, 75)
3 <- 61 21 (3.0303, 100)
61 <- 3 41 (3.0303, 100)
3 <- 61 41 (3.0303, 100)
95 <- 3 71 (3.0303, 100)
3 <- 95 71 (3.0303, 100)
3 <- 41 (4.0404, 75)
80 <- 61 21 (3.0303, 100)
71 <- 80 89 (5.05051, 60)
89 <- 80 71 (5.05051, 60)
80 <- 89 71 (3.0303, 100)
39 <- 61 72 (3.0303, 100)
72 <- 61 39 (3.0303, 100)
61 <- 72 39 (5.05051, 60)
0 <- 61 89 (3.0303, 100)
89 <- 61 0 (3.0303, 100)
61 <- 89 0 (3.0303, 100)
61 <- 41 (4.0404, 75)
93 <- 40 74 (5.05051, 60)
74 <- 40 93 (3.0303, 100)
40 <- 74 93 (4.0404, 75)
95 <- 72 23 (3.0303, 100)
72 <- 23 95 (5.05051, 60)
68 <- 74 14 (4.0404, 75)
14 <- 74 68 (4.0404, 75)
74 <- 14 68 (4.0404, 75)
86 <- 96 (5.05051, 60)
23 <- 46 (5.05051, 60)
47 <- 49 (5.05051, 60)
47 <- 55 (5.05051, 60)
71 <- 49 (5.05051, 60)
78 <- 55 (5.05051, 60)
29 <- 92 (5.05051, 60)
