38 (37.9065)
38 63 (14.2276)
38 87 (14.7358)
38 69 (11.2805)
38 36 (10.874)
63 (36.3821)
63 87 (13.6179)
63 69 (11.7886)
63 36 (10.874)
87 (35.3659)
87 69 (10.2642)
87 36 (10.3659)
69 (30.2846)
36 (27.2358)
8 (23.0691)
48 (22.9675)
28 (21.0366)
85 (20.122)
3 (19.9187)
17 (19.7154)
47 (17.8862)
11 (17.8862)
83 (16.9715)
80 (16.8699)
43 (16.4634)
39 (15.9553)
81 (15.752)
9 (15.752)
40 (15.752)
14 (15.6504)
61 (15.5488)
86 (15.4472)
62 (15.2439)
67 (14.939)
29 (14.4309)
78 (14.4309)
23 (14.0244)
72 (13.8211)
51 (13.8211)
71 (13.5163)
35 (13.4146)
93 (13.1098)
89 (13.0081)
73 (13.0081)
7 (11.4837)
52 (11.0772)
95 (10.7724)
21 (10.5691)
